Service EC2-Instances($) S3($) Tax($) EC2-Other($) CloudWatch($) CloudTrail($) ElastiCache($) Support (Developer)($) VPC($) Elastic Container Service($) Elastic Load Balancing($) Route 53($) Key Management Service($) EC2 Container Registry (ECR)($) SQS($) Global Accelerator($) Elastic File System($) DynamoDB($) Registrar($) Pinpoint($) Redshift($) Lambda($) SNS($) Systems Manager($) CloudFront($) Total costs($)
Service total 10175.11137 9740.42315 3279.78 2403.995348 1069.180398 556.941669 450.432044 430.2197916 364.8133028 218.0303845 206.0798137 126.5332052 109.3451603 81.50652855 74.75780833 55.2 29.2392783 18.37056736 13 3.049462339 1.736929272 0.007274531 1.14342E-05 0 0 29407.7535
2024-01-16 109.0186158 100.4361061 28.75110446 11.57643708 5.5895 4.896000466 0 2.36982338 2.79831707 0.8058504 1.161290304 0.836510573 0.828124533 0.6 0.30930125 0 0.032258064 0.018373872 7.96269E-05 7.28E-08 0 270.0276931
2024-01-17 111.4000967 101.166107 29.16149515 11.82902096 6.011976 4.896000466 0 2.369825279 2.664436901 0.8225972 1.161290304 0.839180519 0.80988 0.6 0.30930125 0 0.032258064 0.018373872 7.93919E-05 2.536E-07 0 274.0919194
2024-01-18 109.6302321 98.56733894 27.99948092 11.95432914 6.229888 4.896000466 0 2.369825554 1.955751283 0.874318 1.161290304 0.840368402 0.8147256 0.6 0.30930125 0 0.032258064 0.018373872 7.93417E-05 7.48E-08 0 0 268.2535613
2024-01-19 109.1920933 93.62691976 27.86648363 11.72592568 5.881583 4.896000466 0 2.369840291 1.991085275 0.9865244 1.161290304 0.840368402 0.8204884 0.6 0.30930125 0 0.032258064 0.018373872 7.94908E-05 2.537E-07 0 262.3186158
2024-01-20 109.6790054 108.5497056 27.47900338 11.67403881 5.749134 4.896000466 0 2.369824405 1.174121449 0.9476244 1.161290304 0.840368402 0.8267776 0.6 0.30930125 0 0.032258064 0.018373872 7.87064E-05 2.534E-07 0 276.3069064
2024-01-21 109.9411026 115.7594622 27.65773089 11.75312181 5.779042 4.896000466 0 2.369822609 1.209361859 0.849138 1.161290304 0.840368402 0.8188216 0.6 0.30930125 0.3588 0.032258064 0.018373872 7.89147E-05 7.48E-08 0 284.3540749
2024-01-22 110.5945696 99.32443378 28.45241406 11.47169372 5.430252 4.896000466 0 2.369823642 2.252408738 0.857612 1.161290304 0.840368402 0.8214528 0.6 0.30930125 0.5928 0.032258064 0.018373872 7.94076E-05 2.543E-07 0 270.0251324
2024-01-23 108.5710349 86.61797464 28.52125366 11.55136294 5.593733 4.896000466 0 2.369815664 2.775264389 0.9823932 1.161290304 0.840368402 0.8278168 0.6 0.30930125 0.5928 0.032258064 0.018373872 7.92679E-05 7.48E-08 0 256.2611209
2024-01-24 109.7176777 94.73008289 28.09960919 11.67225237 5.807487 4.896000466 0 2.369824978 2.519295871 1.163318 1.161290304 0.843083213 0.8174648 0.6 0.30930125 0.5928 0.032258064 0.018373872 7.92753E-05 2.536E-07 0 265.3501995
2024-01-25 109.4200614 96.13153981 28.38559627 11.65618058 5.735326 4.896000466 0 2.369816089 2.357657255 1.101608 1.064516112 0.844296108 0.8178428 0.6 0.30930125 0.5928 0.032258064 0.018373872 7.96262E-05 7.48E-08 0 266.3332538
2024-01-26 110.5379142 91.99596946 28.98732403 11.87024485 5.983988 4.896000466 0 2.36981663 2.718144886 0.8461552 1.112903208 0.844296108 0.822455665 0.6 0.30930125 0.5928 0.032258064 0.018373872 7.99639E-05 2.536E-07 0 264.5380261
2024-01-27 111.5875409 99.24398522 28.24184641 11.68211706 5.617491 4.896000466 0 2.369818562 1.417688228 0.8061088 1.112903208 0.844296108 0.8247308 0.6 0.30930125 0.5928 0.032258064 0.018373872 7.96987E-05 7.48E-08 0 270.1973397
